t	x	s	Vx   Vy    as
0.03333333333333303	0.0037155410250410414	0	0	0
0.06666666666666651	0.013619540903709329	0.38312387166477835	-0.602655955412702	0
0.1	0.029257132469359695	0.5631390278932774	-0.8515601541386285	7.191934373711588
0.1333333333333335	0.051162142763261295	0.6798066298525035	-0.9934364483636142	6.34050880455676
0.16666666666666652	0.0745775744595265	0.3842757774006505	-0.5516463832432837	2.0042844972459632
0.2	0.07678052792330463	0.47119952297873546	-0.6493247713061694	2.45466564751392
0.23333333333333348	0.10599087599144232	0.7231253805497512	-0.8825796660046314	22.274407809724238
0.2666666666666665	0.12498888662662123	1.3096791343786076	-1.4013738528139827	13.384777890873083
0.3	0.1933028182833494	1.7524344019054825	-1.7304224159841939	6.710068930713437
0.3333333333333335	0.24181784675365398	1.543005830311792	-1.2222595551800144	9.632731098518644
0.36666666666666653	0.2961698736374686	1.7659330050099262	-1.1805297037005564	6.97345266002913
0.4	0.35954671375431557	1.9006164580315676	-0.904856741017985	11.314501449752171
0.433333333333333	0.4228776375062394	1.8957197488968678	-0.427701555722467	14.911993374814065
0.46666666666666695	0.4859280303474406	1.8088303561389047	0.0931803776030131	13.876716928775096
0.5	0.5434663279155004	1.5967759688395566	0.4673252978954151	11.975090181264862
0.533333333333333	0.59237976160341	1.3173902569408622	0.7056544245748417	8.302976730991315
0.5666666666666665	0.631292345044891	1.1227114076376092	0.8015299909261362	5.575741510082777
0.6	0.667227188779251	0.9723487316955018	0.7344589073799144	5.0565391144277445
0.6333333333333335	0.6961155938245913	0.7992300076280456	0.6624721847134958	5.25024804230335
0.6666666666666665	0.7205091892877873	0.6618515325966082	0.5891114567524994	4.865185835278655
0.7	0.7402390293310318	0.5209477820455881	0.49393256384850637	5.119062926858048
0.7333333333333335	0.7552390414241601	0.3875533888250088	0.3847014524619143	5.0489905527618495
0.7666666666666665	0.7660759219193657	0.2692151674887453	0.26922855094217735	5.1005605456610255
0.8	0.7731867192567431	0.1449092261066915	0.15043858610206468	4.987375408072474
0.8333333333333335	0.7757365369931452	0.026538289372908502	0.03517974175990117	4.632349752738237
0.8666666666666665	0.7749559385482704	-0.07225230280736525	-0.06603217029538287	4.482650855288546
0.9	0.7709197168059876	-0.17685769657173533	-0.1795521362266684	4.767987692709064
0.933333333333333	0.7631654254434879	-0.2905900185833824	-0.30139358636222036	4.892164877288662
0.966666666666667	0.7515470489004286	-0.4130040437453316	-0.404077761124517	4.704092581675521
1.0	0.7356318225271324	-0.5374876904786399	-0.4954029186566061	4.281147629991097
1.033333333333333	0.7157145362018528	-0.6460939844522273	-0.5720071317679041	3.980440160623414
1.0666666666666664	0.6925588902303172	-0.7621386289714704	-0.6284656189886789	4.206994593627603
1.1	0.6649052942704211	-0.9044050632984239	-0.683457195103162	5.026899535912467
1.1333333333333335	0.6322652193437552	-1.0684510920477999	-0.7603881152472243	3.4843349686635294
1.1666666666666665	0.5936752214672346	-1.148277227499866	-0.6667793530011036	4.753987499405239
1.1999999999999995	0.5557134041770986	-1.151824890209034	-0.4271563874729104	6.50179463048676
1.2333333333333334	0.5168868954532988	-1.119552746379902	-0.23961150087324756	5.730114487264016
1.2666666666666666	0.4810765544184379	-1.080464030821531	-0.05223421815607434	5.763180861212689
1.3	0.44485596006519657	-0.9819873552020604	0.11519210312472047	5.17683201550894
1.3333333333333335	0.4156107307383004	-0.8619499615643204	0.23416125891580825	4.530762780942121
1.3666666666666665	0.3873926292942423	-0.7611463679669023	0.2966958140763754	3.49994319707841
1.4	0.36486763954050705	-0.6196698754607901	0.283215847476595	3.5585351386656177
1.4333333333333331	0.34608130426352296	-0.5267329348017276	0.26155143989694557	3.042361355841852
1.466666666666667	0.329752110553725	-0.42793308384949635	0.24695580397965836	3.1408475898307078
1.5	0.31755243200688976	-0.3193847445309775	0.20270864797419094	3.385416699880195
1.533333333333333	0.30845979425166004	-0.2301114365247315	0.1416570946618944	3.3625957880365585
1.5666666666666664	0.30221166957190776	-0.13212164438569252	0.08044742864807751	3.5876793611709292
1.6	0.29965168462594716	-0.02419490776196425	0.01905295944778102	3.649824118753807
1.633333333333333	0.30059867572111	0.07390902547873796	-0.0514333147940849	3.6648777755676147
1.666666666666667	0.30457895299119647	0.17767369173893127	-0.11515043424022478	2.990746667955436
1.7	0.31244358850370557	0.25635782986336336	-0.1490440652886952	3.0723742618000403
1.733333333333333	0.32166947498208714	0.3464359702622295	-0.20129138417021308	3.3306670427629994
1.766666666666667	0.33553931985452096	0.46383365838006574	-0.2616968550364547	2.828832844706497
1.8	0.3525917188740918	0.5256364692380758	-0.2636538278830497	1.8071398888478918
1.833333333333333	0.37058175113705905	0.5762812297066113	-0.25650733558772526	2.393044333407571
1.866666666666666	0.39101046752119883	0.683361463659213	-0.25909818324254114	2.826621483535364
1.9	0.4161391820476734	0.7705568308933962	-0.21211967088889144	2.835667199837713
1.933333333333334	0.4423809229140929	0.7949721865770734	-0.10720403562200499	3.3004218529753624
1.966666666666667	0.4691373278194786	0.8309923629624377	0.0016909928086825115	3.0809515333003197
2.0	0.49778041377825477	0.8052524259441625	0.09713758807853211	2.765250097419657
2.033333333333333	0.5228208228824224	0.719694326583836	0.16229201462363282	2.695033415889079
2.066666666666666	0.5457600355505101	0.6573975188902266	0.19189191739054762	2.547725049559796
2.1	0.5666473241417708	0.5667026901213551	0.2237261352300076	2.7450067697129574
2.133333333333333	0.5835402148919339	0.47112475127663	0.2372491798578435	3.0990088776364675
2.166666666666667	0.5980556408935462	0.36809625764357096	0.21969524738406132	3.607485267827183
2.2	0.6080799654015056	0.236022609231541	0.17140017212740402	3.6694770729999635
2.233333333333333	0.6137904815089821	0.1454135802192812	0.10250788797784277	3.163999526109416
2.266666666666667	0.6177742040827909	0.0775749612276008	0.0426366724214066	2.9081706881539393
2.3	0.6189621455908223	-0.007132002329257798	-0.019303536318491302	3.013669864229829
2.333333333333333	0.6172987372608405	-0.09483803665032058	-0.06357666586857334	2.9350579720505103
2.3666666666666663	0.6126396098141341	-0.1763588963659583	-0.11337806596852848	3.129596027997073
2.4	0.6055414775031098	-0.26882626617881833	-0.17790553636645884	3.0566077713578705
2.433333333333334	0.5947178587355461	-0.3611207018675505	-0.2114847630058327	2.7959861138315696
2.466666666666667	0.5814667640452731	-0.44302529809722163	-0.22905365517055848	2.2978886946566366
2.5	0.5651828388623982	-0.5177907461757286	-0.2110764580547421	2.2024672664191973
2.533333333333333	0.5469473809668913	-0.5778503360501034	-0.1694104628384391	2.1350648786841853
2.566666666666666	0.5266594831257253	-0.6355964703924231	-0.13361210145846283	1.4824026738367408
2.6	0.5045742829407296	-0.6575105850770329	-0.10244268773413803	1.5762483256272777
2.633333333333333	0.48282544412058936	-0.6620488210566116	-0.042074120024435516	1.9996951988029743
2.666666666666667	0.4604376948702886	-0.6595105864347288	0.04008217949471722	2.2225257148799638
2.7	0.43885807169160695	-0.5978483388989435	0.08897485485192025	2.329597128746674
2.733333333333333	0.42058113894369287	-0.5300264534314287	0.13597350345170708	2.2289249996853635
2.766666666666667	0.4035229747961783	-0.4689561467661141	0.15384201594332808	2.316452178113403
2.8	0.3893173958259518	-0.3741218380551628	0.14357542177673563	2.5386444136303155
2.833333333333333	0.37858151892583436	-0.29815310686620033	0.12287375747690467	2.5556651565295523
2.8666666666666663	0.3694405220348719	-0.21795370034165243	0.09526219734601252	2.5829973674171156
2.9	0.36405127223639083	-0.1284651785909917	0.06793428800741587	2.8117486460226995
2.933333333333334	0.3608761767954723	-0.050632295811188034	0.020191670217466748	2.7305384547703624
2.966666666666667	0.3606757858489783	0.033484072552524266	-0.022199711042607134	2.8564738978154742
3.0	0.3631084482989739	0.11828295339007112	-0.0617513699944712	2.586037132322658
3.033333333333333	0.368561316074983	0.19799430869332044	-0.08559572439864523	2.493650357301672
3.066666666666666	0.37630806887852847	0.27090632154365996	-0.11469930608618673	2.3604996446374007
3.1	0.38662173751122725	0.34830065624370754	-0.14256119867591682	2.185388461177977
3.133333333333333	0.39952811262810906	0.41566239721460946	-0.13733487277378392	1.8427650737799643
3.166666666666667	0.4143325639922013	0.46983472574424606	-0.13424436769413672	1.4802500410977786
3.2	0.43085042767772586	0.5086973452403944	-0.10557788203247265	1.6812985320541078
3.233333333333333	0.4482457203415606	0.5532838033626433	-0.05871948280013717	1.6898281202990886
3.266666666666667	0.46773601456856895	0.5596016268444126	-0.004685577649507707	1.4513357417308705
3.3	0.4855524954645215	0.5432437101149089	0.04410643512038993	1.2720672417453784
3.333333333333333	0.5039522619095625	0.5261529337037568	0.06534900520874938	1.130835616836959
3.3666666666666663	0.5206293577114384	0.48397003709656466	0.09546743215608616	1.6691878674210388
3.4	0.5362169310493335	0.4300450988164129	0.11778963401358133	1.9289509167216918
3.433333333333334	0.5492990309658664	0.3549922153319051	0.11880243348273214	1.9259477431127217
3.466666666666667	0.5598830787381274	0.30064108798439565	0.09842019805355584	1.927760791583329
3.5	0.5693417701648259	0.23606698407830287	0.08768975086574421	1.9925247778850756
3.533333333333333	0.5756208776766807	0.16433393491111828	0.07385938180251968	2.2821881128109136
3.566666666666666	0.5802973658255669	0.09583320649287509	0.040137017224604984	2.277506022505544
3.6	0.5820097581095391	0.022272655271824118	0.011349638880410969	2.214606214476868
3.633333333333333	0.5817822095103552	-0.036053668667841834	-0.0231583488234885	2.2136660990257058
3.666666666666667	0.5796061801983498	-0.10912524871444035	-0.05175451498555331	2.192103429023851
3.7	0.5745071929293925	-0.17952234960035407	-0.06917576657232062	2.2520670381304466
3.733333333333333	0.5676380235583263	-0.24761862770793755	-0.09390594766545297	1.8050559736088614
3.766666666666667	0.5579992844155302	-0.30110272268012417	-0.10953319298518795	1.6951682726665018
3.8	0.5475645087129846	-0.3513566556472332	-0.10659155806753265	1.7843127694337317
3.833333333333333	0.5345755073723815	-0.42415131764910696	-0.10386241804426831	1.4606990916385914
3.8666666666666663	0.5192877542030442	-0.4516793340055718	-0.08564951332105167	0.9761927497838947
3.9	0.50446355177201	-0.4689199170156828	-0.06653514939069692	0.9491204826108426
3.933333333333334	0.4880264264019981	-0.5034972435240139	-0.04460028452649599	1.0201454037559186
3.966666666666667	0.47089706887040894	-0.4982513827953156	-0.003655563899278387	1.3370878102972248
4.0	0.45480966754897745	-0.4594109128828146	0.036434624197582505	1.5605678798781522
4.033333333333333	0.4402696746782212	-0.43432275483127597	0.07889816103186918	1.6161497132618812
4.066666666666666	0.42585481722689245	-0.3747203115657016	0.09288971643890545	1.7096932304706902
4.1	0.4152883205738412	-0.30598384081069147	0.07986189580627359	1.940058385702891
4.133333333333333	0.40545589450617975	-0.25736008479832406	0.07534745944663065	1.8000849220956352
4.166666666666667	0.39813098158728605	-0.1834837074237723	0.061400470007144166	2.0760540201254996
4.2	0.39322364734459486	-0.12014249240793867	0.048280692155158504	2.1607401913366053
4.233333333333333	0.3901214820934235	-0.05017262614809451	0.020633067998862446	2.166459708126012
4.266666666666667	0.3898788056013886	0.020816359179633957	-0.005120404412028194	2.45516535884204
4.3	0.3915092393720658	0.09591147274536417	-0.03540485510148657	2.391481057606023
4.333333333333333	0.3962729037844128	0.17652145289133916	-0.06423160688995204	1.8467018803685367
4.366666666666666	0.4032773362314883	0.21586956921507378	-0.06628490807595039	1.6487413176462034
4.3999999999999995	0.410664208398751	0.27420308646358	-0.08156424932223047	1.8640445860426276
4.433333333333334	0.42155754199572715	0.34916178137458553	-0.09211438290478403	1.3891294336212463
4.466666666666667	0.4339416604903903	0.36584705706209925	-0.07080654009071007	1.1541367068129584
4.5	0.44594734579986706	0.40427345275203824	-0.048358537292361975	1.2448566167562576
4.533333333333333	0.4608932240071928	0.44862077053606353	-0.029244267907966148	0.963076934129627
4.566666666666666	0.4758553971689379	0.4318015396336883	0.008502055029521166	1.1671070326139497
4.6	0.4896799933161051	0.40962566101810144	0.04269514033197364	0.8796214475358997
4.633333333333333	0.5031637745701447	0.3914119261975263	0.0492069264832877	1.1511939555292559
4.666666666666667	0.5157741217292738	0.3398676707542798	0.06258808805930113	1.4092235369840849
4.7	0.5258216192870968	0.29143509648604266	0.07405206599080907	1.4301274636384447
4.733333333333333	0.5352031281616767	0.2527115860341696	0.07330384047244744	1.394927239662164
4.766666666666667	0.5426690583560414	0.19629810932827568	0.06755499334702754	1.592056367515708
4.8	0.5482896687835616	0.14893118619567317	0.04391657382477773	1.6818370438153212
4.833333333333333	0.5525978041024199	0.09533433066269106	0.02562044117753122	1.7188953155682098
4.866666666666666	0.554645290827741	0.03481763860642449	0.015562216458163343	1.6804646735323951
4.8999999999999995	0.5549189800095148	-0.010600424544903498	-0.007908468939022717	1.6046512301934814
4.933333333333334	0.5539385958580807	-0.061994763967417654	-0.028212896283212177	1.64278706575722
4.966666666666667	0.5507859957450202	-0.11789021465849293	-0.03782287507696568	1.5474109062407326
5.0	0.5460792482141811	-0.1613639916947266	-0.054460560501599226	1.625003469239054
5.033333333333333	0.5400283962987051	-0.22116855688493434	-0.05852044238248789	1.6651826445596898
5.066666666666666	0.5313346777551855	-0.27776557862859524	-0.06347927220299439	1.2076559306546055
5.1	0.5215106910567989	-0.3000921449149681	-0.06230339504959079	0.9130539627717295
5.133333333333333	0.5113285347608544	-0.3332554339820704	-0.052087524284796946	0.7352497131550134
5.166666666666667	0.4992936621246604	-0.3561454645062891	-0.053730088548683816	0.725712552664886
5.2	0.4875855037937682	-0.3668092639651047	-0.03132740325353839	0.6709389305570244
5.233333333333333	0.47483971119365376	-0.3746340051118471	-0.0033770018895106766	0.6800182361761793
5.266666666666667	0.4626099034529785	-0.3515350910698679	0.007933025363512959	0.8915982895491587
5.3	0.45140403845566257	-0.32486827350939496	0.03156851525630928	1.0168992548008489
5.333333333333333	0.4409520185523522	-0.2938439807717593	0.04383911217475174	1.0836613599264477
5.366666666666666	0.4318144397375453	-0.25708174542701834	0.05557740791520481	1.428894979896197
5.3999999999999995	0.4238132355238844	-0.2025235545267501	0.06060230550918611	1.6104591530136028
5.433333333333334	0.4183128694357618	-0.14455949180116454	0.04515395412330979	1.8838266029313964
5.466666666666667	0.41417593607047337	-0.08750854951269174	0.024438897316185704	1.8402002102468042
5.5	0.41247896613491586	-0.024281329609271932	0.004352664693005335	1.7891253283500514
5.533333333333333	0.41255718076318854	0.027647597315043307	-0.0011303349441598367	1.7239722941920552
5.566666666666666	0.4143221392892521	0.08395144472877425	-0.026893563133802242	1.7797137947874018
5.6	0.41815394374510684	0.1402984282952193	-0.050632948905888105	1.773004465226791
5.633333333333333	0.42367536784226667	0.19709839424744163	-0.050392406195469704	1.3643537163164985
5.666666666666666	0.43129383669493626	0.23521067190147926	-0.04354334979261804	0.983577762239291
5.7	0.4393560793023654	0.25704018325056316	-0.03674035179147293	0.9814708708562767
5.7333333333333325	0.4484298489116404	0.3000064635762315	-0.04225293865789142	0.8066551791357526
5.766666666666666	0.45935651020744717	0.3150483602082864	-0.022184174256464958	0.7114040090298137
5.8	0.4694330729255263	0.32332953743666676	-0.0014090070558440556	0.5121952175350812
5.833333333333334	0.4809118127032256	0.32430978770378455	0.006195845353455697	0.6804069607315689
5.866666666666668	0.4910537254391125	0.28772730260943713	0.03421628191632273	0.9171987662737582
5.9	0.5000936328771879	0.26930645654955454	0.0409729179789329	0.7998718368537591
5.933333333333334	0.5090074892090825	0.2411211104502971	0.03845902918424389	1.1098747449079909
5.966666666666666	0.5161683735738742	0.1915478826932668	0.04095087574244731	1.0364581088811398
6.0	0.5217773480553002	0.16917167697868793	0.03134861083684855	1.0454541209442516
6.033333333333334	0.5274464853724538	0.13172884034763024	0.029696401436746532	1.1553801841030464
6.066666666666666	0.5305592707451422	0.0835550918314239	0.02117349854305881	1.384258712166551
6.1	0.5330168248278819	0.04825903670373259	0.00562446818320979	1.291205000545656
6.133333333333332	0.5337765398587243	-0.001655263870232658	-0.0017205517085564302	1.475572388607951
6.166666666666666	0.5329064739031997	-0.04945064955355778	-0.005705086260932311	1.2213385048518959
6.2	0.5304798298884871	-0.08218224775815187	-0.020739746393673382	1.338738352707623
6.2333333333333325	0.5274276573859894	-0.12987119782642584	-0.031578860863118154	1.1181092568516289
6.266666666666666	0.5218217500333922	-0.16580434985606585	-0.029243145548224877	0.9176954051127749
6.3	0.5163740340622516	-0.18169768578681983	-0.03923444781132954	0.731063483422147
6.333333333333334	0.5097085709809371	-0.21752078719984064	-0.03632101027863124	0.8875201956711906
6.366666666666668	0.5018726482489285	-0.24194728711345048	-0.03857254559883104	0.9239028053024548
6.4	0.49357875184004063	-0.2741124076602225	-0.034796494019193505	0.4643897743597146
6.433333333333334	0.48359848773824743	-0.27916795260511823	-0.017921463085350628	0.526395374458873
6.466666666666666	0.47496755499969967	-0.2605262071907742	-0.005097824595955703	0.44279466895464936
6.5	0.4662300739255292	-0.264637832598337	0.010090937720917594	0.4619756784672243
6.533333333333334	0.45732503282647685	-0.2504277166760787	0.019712703370468147	0.6941888746206719
6.566666666666666	0.44953489281379067	-0.21685388546340365	0.02378725842642942	1.1367055242958226
6.6	0.4428681071289168	-0.17580999172863665	0.021218048520300833	1.0320108996352215
6.633333333333332	0.4378142266985484	-0.1445566018320644	0.02477459328805876	1.0771031298179299
6.666666666666666	0.4332310003401125	-0.10951375048421987	0.019028215980603582	1.1871860523898357
6.7	0.43051330999960025	-0.06202073682988966	0.011362558010511715	1.2955007249324426
6.7333333333333325	0.4290962845514532	-0.024964561699490455	0.007922255715606183	1.3350803322251212
6.766666666666666	0.4288490058863008	0.02340251409734437	-0.0038423726926443296	1.3937390429076575
6.8	0.4306564521579429	0.07006040969768279	-0.013014938591859537	1.3310509049521317
6.833333333333334	0.43351969986614647	0.10848615264604695	-0.012583056317549154	0.9751998098294422
6.866666666666668	0.4378888623343461	0.13795958081240353	-0.018329853460019977	1.0048668650134318
6.9	0.44271700525364	0.17015242433864286	-0.022576290645035427	1.1361893177795153
6.933333333333334	0.44923235729025557	0.21522715349644078	-0.031997944163316784	0.8344027014012785
6.966666666666666	0.4570654821534025	0.2282137317409823	-0.021450755532191074	0.5005498502444353
7.0	0.4644466060729876	0.2369147292989287	-0.0059665714193359145	0.29659651418682065
7.033333333333334	0.47285979743999806	0.24186692825741696	-0.008524268023146361	0.28038587419379535
7.066666666666666	0.48057106795681526	0.22303312946109172	0.009989592183071846	0.7049630147479897
7.1	0.48772867273740406	0.205776666954348	0.024583172894635897	0.6564837992887232
7.133333333333332	0.4942895124204383	0.18599341195867455	0.030235473892141	0.7085705548695064
7.166666666666666	0.5001282335346489	0.1590300408131485	0.02777372672579407	0.6654254761828594
7.2	0.504891515141315	0.1418215874670016	0.01202234793828738	0.8324684216076172
7.2333333333333325	0.509583006032449	0.1106277988464839	0.01566361253348794	0.9429597856199875
7.266666666666666	0.5122667017310806	0.07184624221524545	0.020885624241352697	0.841207917333404
7.3	0.5143727555134654	0.05771256964631249	0.005640963447631386	0.8265241771816195
7.333333333333334	0.5161142063741684	0.025983639516669252	-0.00516751875323992	1.0360164001516416
7.366666666666668	0.51610499814791	-0.014560863240891299	-0.007687360995298786	1.159633774544772
7.4	0.5151434821581089	-0.04878813655017064	-0.0040593100003313825	0.9054342350953642
7.433333333333334	0.5128524557112321	-0.07727224226612844	-0.008367884190922997	0.7885811444659407
7.466666666666666	0.5099919993403671	-0.09670942744094814	-0.022897854857678295	0.7545921669318957
7.5	0.5064051605485023	-0.12659009132425447	-0.014914455499146237	0.8248764076044055
7.533333333333334	0.5015526599187502	-0.15431230010214955	-0.0168076899367083	0.6496553801015875
7.566666666666666	0.4961176738750257	-0.16854862856246247	-0.027605403259461113	0.6680680938361855
7.6	0.49031608468125276	-0.1960233977147202	-0.015167463396634849	0.2914597052661173
7.633333333333332	0.4830494473607113	-0.19461971288370777	-0.01602126199676486	0.05972577698966318
7.666666666666666	0.47734143715567223	-0.18659682868966349	-0.016683736839153456	0.34531738956813723
7.7	0.47060965878140015	-0.19566277357890718	0.006831982317892066	0.43528603725587656
7.7333333333333325	0.46429725225041174	-0.17597169600228912	0.015505205909023746	0.5145884641110908
7.766666666666666	0.4588782123812477	-0.1593851112869657	0.008366808172620841	0.5004404804702208
7.8	0.4536715781646139	-0.14555786436796575	0.020166201709484757	0.6240330245550988
7.833333333333334	0.4491743547567163	-0.11767562307476716	0.01522185153363057	1.115283660574117
7.866666666666668	0.445826536626296	-0.07274523062249781	0.001232011336083376	1.1987063086956566
7.9	0.4443246727152165	-0.035456063168072545	0.0019412206327856427	0.978528942609316
7.933333333333334	0.4434627990817579	-0.010894305455823242	0.002073783529055264	0.847460189457166
7.966666666666666	0.44359838568482823	0.021024258116923225	-0.0035379962111202297	0.867130002221962
8.0	0.44486441628955264	0.048150931463710384	-0.0030618266560632833	1.064011354047044
8.033333333333333	0.4468084477824089	0.08745647160693112	-0.008850813854133815	1.1775841138738954
8.066666666666666	0.4506948477300148	0.1301335876062552	-0.02325709655301458	0.867055071934515
8.1	0.45548402028949264	0.14474171566289346	-0.011583895785800595	0.4262361765560857
8.133333333333333	0.4603442954408743	0.14735343050332572	0.0012064264373855653	0.27237204313022
8.166666666666666	0.4653075823230476	0.1609627101149866	-0.007506437283554149	0.46794122941391286
8.2	0.47107514278187335	0.17968631152441264	-0.010819800631397277	0.0805553181662569
8.233333333333333	0.4772866697580085	0.1667241992480698	-4.213942045354858E-4	0.5708831007885311
8.266666666666666	0.48219008939841146	0.14490966839431477	0.013353832629976808	0.5195447422926358
8.3	0.4869473143176297	0.13961258733750412	0.019878247124905532	0.34345548559434874
8.333333333333334	0.49149759522091196	0.12380250864622278	0.016221972087368124	0.5372985697331122
8.366666666666667	0.49520081489404455	0.1020396683393765	0.016772549420208904	0.8027863420733443
8.4	0.49830023977687044	0.07273235695178529	0.02201631844885741	0.7603556529242301
8.433333333333334	0.5000496386908301	0.04773387053793225	0.014862314166277623	0.796323541056193
8.466666666666667	0.5014824978127327	0.025613003488588817	0.003953948041585618	0.8096211639986375
8.5	0.501757172256736	-0.006421397081790291	0.0022246026900496407	0.8962853014158497
8.533333333333333	0.5010544046739466	-0.03382321627514433	-0.0013517633158222856	0.6856241105818341
8.566666666666666	0.4995022911717264	-0.050668884761690514	-0.011407955118809408	0.6742651331262056
8.6	0.49767647902316736	-0.07009863720514405	-0.024974151689224164	0.7132262745858365
8.633333333333333	0.49482904869138356	-0.09983873384520589	-0.016796460438851694	0.9005937223688953
8.666666666666666	0.491020563433487	-0.12697507465603547	-0.0012233344181520674	0.47295715240075764
8.7	0.4863640437143145	-0.1337845906612217	-0.015201906407752422	0.15024806676814786
8.733333333333333	0.48210159072273895	-0.12525496320560098	-0.01804039455804712	0.06732997822062846
8.766666666666666	0.4780137128339411	-0.1305933195980544	-0.0050337199688763054	0.38668448596738597
8.8	0.47339536941620175	-0.1449033824960591	-0.00203282253075325	0.159145285316997
8.833333333333334	0.4683534873342037	-0.13331891585489683	0.00595675664947372	0.2977872909416749
8.866666666666667	0.46450744169254177	-0.12167537328296733	0.010164855292686821	0.449512110629709
8.9	0.46024179578200586	-0.11035960495167023	0.008239495956272495	0.518216779946897
8.933333333333334	0.4571501346957637	-0.08304888417297623	0.004426894004301481	0.551360550418386
8.966666666666667	0.4547052035038073	-0.07346197780808099	0.009846912139583568	0.5719756874998431
9.0	0.45225266950855847	-0.04979055389386467	0.010077357667112923	0.8291909387225238
9.033333333333333	0.45138583324421633	-0.013556179656763052	2.7472310250378903E-4	0.9763005289785917
9.066666666666666	0.45134892419810757	0.012635289011605946	-3.2172604535819635E-4	0.7732931368789779
9.1	0.45222818584499	0.038384322092726054	-7.217750944722743E-4	0.8500008288265665
9.133333333333333	0.4539078790042893	0.06802937624922506	-0.005778926318460243	0.6497714437193972
9.166666666666666	0.4567634775949384	0.0846178088829867	-0.008228073213999893	0.42082201691138427
9.2	0.45954906626315495	0.09184178903463885	-0.0023592669043508182	0.3826106436984588
9.233333333333333	0.46288626353058093	0.11066237924771774	-0.009771525398450363	0.3885690467604174
9.266666666666666	0.4669265582130029	0.11942061796840339	-0.012816593061923474	0.2798790975265291
9.3	0.47084763806180807	0.12458304027100149	0.001995156059916469	0.23595179772301092
9.333333333333334	0.4752320942310698	0.12359638750904219	0.0034293756800276485	0.24238857906865288
9.366666666666667	0.47908739722907745	0.10657831826296454	0.0019180161821978864	0.47489724846346587
9.4	0.4823373154486008	0.09202591911603647	0.010522360994457707	0.29478048601539425
9.433333333333334	0.4852224585034799	0.08956847578368757	0.014781475827390523	0.23309509493553057
9.466666666666667	0.48830854716751326	0.0803582756529322	0.006013785969759898	0.3444794052974808
9.5	0.49057967688034176	0.06728813050289857	-3.894340027288035E-4	0.41658070954383714
9.533333333333333	0.4927944225343729	0.05645789982508246	-2.2028222236283225E-4	0.448086287748921
9.566666666666666	0.4943435368686806	0.0361714213311985	5.104558618054703E-4	0.6582597540934918
9.6	0.4952058506231197	0.012908970473622145	3.0478947796894196E-4	0.7091016573624536
9.633333333333333	0.4952041349002554	-0.011667070544604169	-6.14022399749671E-4	0.7505229721700949
9.666666666666666	0.4944280459201459	-0.03665023230455686	-0.001330291744628107	0.5771799789257771
9.7	0.49276078607995166	-0.051964981066127326	-0.0028516406053676973	0.4211040719888357
9.733333333333333	0.4909637138490708	-0.062186379860559596	-0.002073268710249503	0.3636069868955147
9.766666666666666	0.4886150274225812	-0.07704166117070095	0.0013577905293010548	0.29340577072976903
9.8	0.48582760310435724	-0.08080797599462303	-0.00879722943070884	0.24324987790337269
9.833333333333334	0.4832278290229395	-0.08195641805637971	-0.017307856755861536	0.11945067780024833
9.866666666666667	0.48036384190059844	-0.08974132483194944	-0.007565173433150996	0.4378840068639143
9.9	0.47724507403414296	-0.10468600430239469	6.56392312111103E-4	0.23623568329665495
9.933333333333334	0.4733847749471054	-0.10812908851848663	-0.001580242215864626	0.06385016671018814
9.966666666666667	0.47003646813291056	-0.09717981631370415	-7.51681416708116E-4	0.25439450743675635
10.0	0.46690612052619185	-0.09624920927934488	0.011634357169502419	0.30316573564864746
10.033333333333333	0.4636198541809543	-0.08261366989579715	0.011033257103936751	0.47939784271567687
10.066666666666666	0.46139854253313883	-0.06116159824929722	7.20568736075054E-4	0.5236754793917429
10.1	0.45954241429766773	-0.05100902741425815	-1.051402408047939E-4	0.39888420414677495
10.133333333333333	0.4579979407055216	-0.0355630880034465	8.729479988196343E-4	0.4849178685462163
10.166666666666666	0.45717154176410446	-0.017387888936187007	-0.0020478278974004373	0.4787111940175883
10.2	0.45683874810977587	-0.00397835434208315	-0.0018807987933638617	0.35538019242781094
10.233333333333333	0.4569063181412991	0.0061018768543561345	0.002424024230283393	0.3282140101700416
10.266666666666666	0.4572455399000662	0.01696968485488991	0.001959211019400372	0.36387036527637795
10.3	0.4580376304649585	0.03049055743300876	-0.001797251131181451	0.32284653848147327
10.333333333333334	0.45927824372893344	0.039164558415820734	9.042411200248614E-4	0.3529052033048862
10.366666666666667	0.46064860102601324	0.0520496256731505	4.291850511319785E-4	0.4595927581580625
10.4	0.4627482187738101	0.06929264466658866	-0.012003091292716716	0.4148346895005232
10.433333333333334	0.4652681106704525	0.07912793616210084	-0.007022184058822088	0.42895177692395936
10.466666666666667	0.4680234145179505	0.09524555810266074	-0.012091793003151923	0.31641177914720037
10.5	0.4716178145439631	0.10361369226667776	-0.012762526090862168	0.14529470119071836
10.533333333333333	0.4749309940023956	0.09863869186096817	0.0028752148890107024	0.39523004660305433
10.566666666666666	0.47819372733469434	0.08830760836043512	0.004105839813782539	0.45153057279074915
10.6	0.4808181678930912	0.06763612713812425	0.006743929084676653	0.4791115244055126
10.633333333333333	0.48270280247723585	0.05515700461068016	0.008492911014021684	0.44625323772306796
10.666666666666666	0.48449530153380316	0.04212836623074441	0.015475243533511233	0.330915420544221
10.7	0.4855113602259522	0.030258306668249833	0.014069963956049055	0.3979246109389081
10.733333333333333	0.48651252197835315	0.02166049082888058	9.985625799706606E-4	0.30586512859361487
10.766666666666666	0.4869553929478775	0.01162571364705871	3.8339777403462074E-4	0.3548402403896205
10.799999999999999	0.4872875695548238	4.1843285237941997E-4	4.691971629428771E-4	0.3305167611733727
10.833333333333334	0.4869832884713695	-0.012336626677018864	-6.068139916377958E-4	0.3418509298499731
10.866666666666667	0.48646512777635587	-0.021091751567148116	0.0016102366474462562	0.2736856165459888
10.9	0.4855771717002263	-0.03102285917279205	-0.0031142428365526645	0.3279254153348954
10.933333333333334	0.4843969371648362	-0.037575118693028674	-0.012250118439765586	0.244998507408707
10.966666666666667	0.48307216378735773	-0.04521486651924974	-0.012231841544414222	0.3894030363500476
11.0	0.48138261273021954	-0.06275536353853499	-0.005321354418440534	0.347951993169306
11.033333333333333	0.47888847288478875	-0.07142710590175254	-0.010010434533512658	0.35672849893939595
11.066666666666666	0.4766208056701028	-0.08141236575209063	-0.0033679560174560206	0.2067503702710639
11.1	0.47346098183464935	-0.0901017451957581	-0.005681794201634767	0.10725467776171446
11.133333333333333	0.4706140226570521	-0.07522914029420628	-0.005271923039729283	0.3341298583875824
11.166666666666666	0.46844570581503564	-0.06843961835497414	0.011628463043472492	0.40606818600039346
11.2	0.4660513814333872	-0.05928324229992634	0.011935118071582627	0.4467766242239517
11.233333333333333	0.4644934896617072	-0.03730622950844361	0.0025595033999911893	0.5464372308388595
11.266666666666666	0.46356429946615774	-0.024117247574215447	-9.301521187039365E-4	0.4160859417623643
11.299999999999999	0.46288567315675955	-0.01155424151519258	-1.2591201756581043E-4	0.38997248518212024
11.333333333333334	0.4627940166984782	0.002315635080139485	0.0034443069906152303	0.412067418609835
11.366666666666667	0.4630400488287688	0.014995768767318758	0.0019757121186100637	0.3322109652016441
11.4	0.4637937346162997	0.025435689579678265	-0.0019719040566759925	0.46438206938167265
11.433333333333334	0.46473576146741413	0.04201989016430931	-0.005007567510418237	0.4066418955209278
11.466666666666667	0.4665950606272533	0.056017524336419586	-0.004393972745960186	0.36841515158690685
11.5	0.4684702630898421	0.06362852918684472	-0.001086866254698271	0.4144385672207887
11.533333333333333	0.47083696257304297	0.08369799458048045	-0.009361084939486466	0.3243637274368267
11.566666666666666	0.4740501293952074	0.0887591849333003	-9.225686133841071E-4	0.12985248899874335
11.6	0.47675424156859636	0.0746417066037292	0.002455069013915895	0.500477551267866
11.633333333333333	0.4790262431687893	0.058039938279888015	0.0042833541094737405	0.3859539349811834
11.666666666666666	0.4806235707872556	0.04720010137998856	0.010463510247835957	0.3897422986196362
11.7	0.48217291659412187	0.0349742859534852	0.0029548039441852927	0.4280620801712038
11.733333333333333	0.4829551898508214	0.01698808336347498	0.004161871780135067	0.45961386297921825
11.766666666666666	0.48330545548502	0.00493456732105916	0.005605713542480966	0.4038660689038967
11.799999999999999	0.4832841610055587	-0.008028080162838395	-0.004796027147845801	0.33209851841159344
11.833333333333334	0.48277025014083097	-0.016717782962465486	-0.0057062974663882075	0.27175731176752577
11.866666666666667	0.48216964214139424	-0.021752256157555137	-0.010171382975501325	0.31880343541039846
11.9	0.4813200997303273	-0.037163296435229524	-0.012354834745880183	0.5399804965885975
11.933333333333334	0.4796920890457125	-0.05878920355131572	-0.001100727776042106	0.5164814285059408
11.966666666666667	0.4774008194935728	-0.0697613680889367	5.680948729471929E-4	0.22687755138397825
12.0	0.47504133117311664	-0.07253474212631296	-0.0012914794249136096	0.04984612234589498
12.033333333333333	0.4725651700184854	-0.07161137144715214	0.0024397013317299966	0.1653835663810067
12.066666666666666	0.47026723974330653	-0.06161121337099243	3.6244456521215395E-4	0.3672243473355958
12.1	0.4684577557937526	-0.04655879893560324	-1.5826740226383302E-4	0.39679406486764557
12.133333333333333	0.4671633198142664	-0.03461011498132129	0.004485674144873168	0.32515105620644125
12.166666666666666	0.4661504147949981	-0.026964556407438618	0.006007737943980096	0.3486659365596407
12.2	0.4653656827204372	-0.01257193182413996	0.005738953607168274	0.39992957489438163
12.233333333333333	0.4653122860067218	0.0017815033940972724	0.0021403743189004547	0.46805418191747056
12.266666666666666	0.465484449613377	0.01599588891805024	0.0012146617541109932	0.397085205195535
12.299999999999999	0.4663786786012586	0.02931306297872575	-0.005494348705935549	0.5036512025745216
12.333333333333334	0.4674386538119587	0.046355773414644794	-0.005312516136058547	0.4797214596417628
12.366666666666667	0.4694690634955683	0.06438338936924946	-0.006067328794557369	0.2918486301594163
12.4	0.4717308797699087	0.05897184258663088	0.004707113224656988	0.1340273840506568
12.433333333333334	0.4734005196680102	0.05942397920942283	0.010195157778724801	0.0692451716953974
12.466666666666667	0.4756924783838702	0.060501299650948366	0.0015332155915257527	0.17136081075650686
12.5	0.47743393964474024	0.05135237744031326	0.002395999772132967	0.29378061429371366
12.533333333333333	0.4791159702132244	0.043335518588255524	-0.0031799451612162574	0.23923958593319922
12.566666666666666	0.4803229742172903	0.03383527708941581	7.491871877491875E-4	0.37831559458442454
12.6	0.481371655352519	0.020905748835839996	0.00659898852740844	0.461829932176289
12.633333333333333	0.4817166908063464	0.0016497803092071698	0.0011877216535818224	0.5318847722291031
12.666666666666666	0.48148164070646604	-0.013735645211873738	-0.001951241973311625	0.40415676979711834
12.7	0.4808009811255547	-0.0250891715137812	-0.0014478572592388746	0.3705844863976043
12.733333333333333	0.479809029272214	-0.037623497247602104	-2.9740087371923603E-4	0.3439287536009836
12.766666666666666	0.47829274797571464	-0.04908394046110444	-9.531258184776103E-4	0.22468031623664114
12.799999999999999	0.47653676657480715	-0.05240419856722085	-0.003006617869023622	0.16292130714073502
12.833333333333334	0.4747991347378998	-0.05833222678995978	4.269933185653456E-4	0.10912460459614019
12.866666666666667	0.4726479514554761	-0.05771830012382838	-0.007146742201618637	0.10966993852444892
12.9	0.47095124806297795	-0.04893378932935483	-0.007435430543430087	0.19104738074071353
12.933333333333334	0.4693856988335192	-0.04920520513764475	0.006540595701141407	0.29222765895927716
12.966666666666667	0.4676709010538017	-0.03739113456321228	0.005494604894771944	0.48754483405995247
13.0	0.46689295652930507	-0.014336519739493006	-0.0012998981104940972	0.5519014400368611
13.033333333333333	0.46671513307116896	-0.001016759493507493	-3.961968965070289E-4	0.4079822598859636
13.066666666666666	0.466825172563071	0.011620448623171792	2.9458643918340395E-4	0.37522057781887985
13.1	0.4674898296460469	0.024866066101582512	8.198068637649559E-4	0.39993517756912206
13.133333333333333	0.46848291030317646	0.03735129414433503	3.229262917060114E-4	0.32738079045357926
13.166666666666666	0.4699799159223359	0.04773006208346645	-4.599952789212236E-4	0.3126951139559645
13.2	0.47166491444207426	0.05590463850270896	0.008137051264556229	0.06615629709543056
13.233333333333333	0.47370689182251646	0.053701416321590964	0.0042656337295153	0.1653531528567887
13.266666666666666	0.4752450088635136	0.04565543792869136	-0.003667313307804912	0.2270886909995525
13.299999999999999	0.47675058768442924	0.04281476032213873	-0.002937589983076632	0.15862031440638238
13.333333333333334	0.47809932621832296	0.036578510270017656	8.293812135897706E-4	0.24606148995683738
13.366666666666667	0.47918915503576376	0.026808176752734076	0.002130313814017612	0.37473647895578105
13.4	0.47988653800183856	0.011786465676276735	-3.200780681920829E-5	0.4204965522442104
13.433333333333334	0.47997491941418224	-0.0020321761448813735	-9.33802901221132E-4	0.4325980138233859
13.466666666666667	0.4797510595921799	-0.015761265658810617	-0.0021628920700447127	0.4169804332422224
13.5	0.4789241683702615	-0.030795277724542644	0.001387513244852185	0.3436908324510918
13.533333333333331	0.47769804107721037	-0.038737373793530816	-0.0023305425640525322	0.15478274303508976
13.566666666666666	0.47634167678402617	-0.04080044673558562	-0.0018347945900638759	0.10764755866687364
13.600000000000001	0.47497801129483785	-0.04495164340519706	0.0024652822555491344	0.14308152768756582
13.633333333333333	0.47334490055701306	-0.05111475635436885	-0.0023205061904993983	0.07112076531993858
13.666666666666668	0.4715703608712133	-0.04901420914613617	-0.0013669093034899143	0.1465605455196108
13.7	0.47007728661393733	-0.0410752084693636	0.0023231741843919326	0.3425133330174181
13.733333333333334	0.46883201363992233	-0.02718309640812148	-0.001508744926823905	0.3573882252393724
13.766666666666666	0.4682650801867292	-0.01514503034001281	4.6471231639357995E-4	0.3957716783877213
13.8	0.4678223449505883	-0.003249427687019353	0.00376712428553293	0.3689461081610278
13.833333333333332	0.46804845167426123	0.011393051814395242	-0.001248353050531252	0.5131784019554982
13.866666666666667	0.4685818817382146	0.028376998575253394	-0.0031208220487111307	0.32873234448917593
13.9	0.469940251579278	0.03668867100431394	2.792698302948937E-4	0.3100373742648536
13.933333333333332	0.47102779313850207	0.04341974807876459	0.0046226348120110465	0.11911193827298305
13.966666666666665	0.47283490145119567	0.04894803414109954	0.0017583788264095553	0.09660166044936604
14.0	0.4742909954145754	0.04191420634105107	-0.0027226470164323905	0.26134083506522976
14.033333333333331	0.47562918187393244	0.03303989238205049	-0.0012447448739253777	0.19408780371845957
14.066666666666668	0.476493654906712	0.027366443043661134	0.0011336578717243899	0.12158937332492945
14.1	0.4774536114101766	0.026969632940779906	8.509692657501705E-4	0.15901843403188587
14.133333333333333	0.47829163043609735	0.01717628110471401	0.001049334455142342	0.2554846694702606
14.166666666666668	0.4785986968171575	0.008333444028994594	-0.0015888533037428378	0.3849300228622226
14.2	0.4788471933713636	-0.005709147954619003	-0.0011469903042165823	0.3784920438737333
14.233333333333336	0.4782180869535162	-0.020263009998442265	0.001908902625944904	0.2984416865831632
14.266666666666664	0.4774963260381342	-0.02369225620415461	6.147566708795976E-4	0.07405927820957642
14.3	0.4766386032065727	-0.025175423724491972	-3.2537822000996774E-4	0.024755462292291985
14.333333333333332	0.4758179644565014	-0.02444190614884179	-5.090245652915307E-4	0.15380744109369857
14.366666666666667	0.47500914279664985	-0.03405179979587235	4.896053931720164E-5	0.3088068635848767
14.4	0.47354784447010956	-0.04734838974806098	-4.200051778687245E-4	0.2011200485955628
14.433333333333332	0.4718525834801126	-0.047522771021265654	-0.0010546932408984015	0.14097246752946915
14.466666666666665	0.47037965973535856	-0.037485812615441094	-9.236368080802172E-4	0.28557159178593206
14.5	0.4693535293057498	-0.027521976929132913	-6.356885627422709E-4	0.36703809525660175
14.533333333333331	0.46854486127341644	-0.01444547250078599	-8.917294676325608E-4	0.356636816351721
14.566666666666668	0.4683904978056974	-0.0018142332877155265	-6.471247369287681E-4	0.26273322600957294
14.6	0.46842391238756875	0.002207542074275944	0.0011933440237693617	0.19190855896573417
14.633333333333333	0.4685376672773157	0.00996650020958791	-8.415274025748791E-4	0.28812348026480156
14.666666666666668	0.4690883457348747	0.022267079599843982	-0.0011458593970919376	0.28829792569648305
14.7	0.4700221392506386	0.0295487285229036	0.0023440060177282	0.2621759841683969
14.733333333333336	0.4710582609697349	0.0381450928070374	0.0016800184134713697	0.20934560288872267
14.766666666666664	0.4725651454377744	0.04507813912555229	-7.263525495516541E-4	0.00927558281813839
14.8	0.4740634702447717	0.03765523848240941	9.415598332270746E-4	0.30778275752160017
14.833333333333332	0.47507549466993493	0.02349194049519336	-2.2290917521731538E-4	0.41465698915147337
14.866666666666667	0.47562959961111784	0.010032886407823039	-0.0010125573149736724	0.30268768078717057
14.9	0.47574435376378976	0.0025403523057944124	0.001309863453650779	0.16344503037289715
14.933333333333332	0.47579895643150416	1.2465154351181887E-4	-6.633821079873153E-5	0.06483227085491391
14.966666666666665	0.4757526638666906	-0.0014847896013316254	-0.0010162910044186867	0.21694204848361973
15.0	0.475699970458082	-0.01257366121609203	-4.6069090635952523E-4	0.45552712030710785
15.033333333333331	0.47491441978561777	-0.03348676452475185	0.0011969282943899825	0.3851601590265865
15.066666666666668	0.4734675194897652	-0.03974412155470846	-0.0033519100683988548	0.12481677822873277
15.1	0.47226481168197076	-0.03888695978850555	-0.002423241861716874	0.12301374448543813
15.133333333333333	0.4708750555038649	-0.03416969086559646	0.0015625553173671928	0.2548185554939454
15.166666666666668	0.46998683229093086	-0.02109834603578138	0.0012497699146164778	0.3938832610079199
15.2	0.4694684991014795	-0.008426602977621876	0.00206023048352484	0.28721636195530464
15.233333333333336	0.4694250587590896	-7.931188518226979E-4	-3.429410935624126E-5	0.31624182024312164
15.266666666666664	0.469415624511358	0.010146906122061273	-4.808421958071151E-4	0.3082778498175042
15.3	0.47010151916722687	0.02240458211726766	1.7696410770381128E-4	0.3706450335383818
15.333333333333332	0.4709092633191758	0.03264347334549799	-0.0015778934042395942	0.22296830911664356
15.366666666666667	0.47227775072359335	0.039185643038758995	0.0024313444083806724	0.0847720226941146
15.4	0.47352163952175985	0.036611704584479786	8.473341657183376E-4	0.2774169007298913
15.433333333333332	0.47471853102922523	0.022657793021944227	-9.4598336757318E-4	0.435453691117495
15.466666666666665	0.47503215905655627	0.00462249726474413	0.0024478333038529033	0.3771810416905741
15.5	0.47502669751354154	-0.0017259268287581836	-0.0014983658030399678	0.32957286622616583
15.533333333333331	0.4749170972679724	-0.014884815798460432	-0.0026070061760575347	0.4477680356143671
15.566666666666668	0.47403437646031077	-0.03353152121449702	0.0010740605791668201	0.30239250418057956
15.6	0.47268166252033916	-0.03602170039011656	7.078778153835354E-5	0.0642220190699034
15.633333333333333	0.4716329297676367	-0.02757157752805855	-0.0018196743047592821	0.19606513926299476
15.666666666666668	0.47084355735180217	-0.02264666252733136	9.096258169409053E-4	0.23719639654438401
15.7	0.4701231522658146	-0.013227374199630737	-0.0011895083557742696	0.3424268612870093
15.733333333333336	0.46996173240516004	0.0015101697302434063	3.8901460610289815E-4	0.38248918381811764
15.766666666666664	0.47022383024783077	0.012254339880754552	2.2653586239977796E-4	0.2536032463759372
15.8	0.4707786883972104	0.018431938689920973	-0.0030594833425045035	0.24916016762204615
15.833333333333332	0.4714526261604922	0.027580701071679658	0.0023320439298204756	0.23278348301363053
15.866666666666667	0.47261740180198897	0.035612573736126946	7.108475915346576E-4	0.09955387625259007
15.9	0.4738267977429006	0.033698993567079935	-0.001303737749145694	0.30820473777744123
15.933333333333332	0.47486400137312756	0.016366185214232384	0.0018934289480213664	0.4388778309779699
15.966666666666665	0.47491787675718267	8.267091473987366E-4	4.941211294422036E-4	0.4771947022864899
16.0	0.4749191153162876	-0.011819814259907668	1.1537440524646954E-4	0.3474825674481683
16.03333333333333	0.47412988913985554	-0.023367561619506684	-0.008289584768104988	0.39589630318635394
16.066666666666666	0.47336127787498705	-0.034512853393493186	-7.274230391015575E-4	0.08415916260382146
16.1	0.47182903224695605	-0.024189006292854025	-4.864538685202265E-4	0.2206669381266313
16.133333333333333	0.47174867745546345	-0.013105806793636076	-0.0011738061912336224	0.25803927118786807
16.166666666666668	0.4709553117940468	-0.014777928587790513	0.004078482849792226	0.18410485879192134
16.2	0.4707634822162774	-3.8723809158358185E-4	8.555514266619832E-4	0.27444363433058405
16.233333333333334	0.47092949592127475	0.003720425716794522	0.004875349955470533	0.2108558881605557
16.266666666666666	0.471011510597397	0.011276174368705809	-2.00109834158045E-5	0.21472003590929464
16.3	0.4716812408791883	0.018334260198169836	-0.003557291868207952	0.262384323327461
16.333333333333332	0.4722337946106083	0.025489513613236404	0.0019310499572053243	0.13918619892608933
16.366666666666667	0.4733805417867373	0.029506735091827007	0.004346380512110972	0.011492487260849798
16.4	0.47420091028339684	0.022979821576716027	-8.699993110339566E-4	0.3976008682436718
16.433333333333334	0.47491252989185173	0.006986164330844506	-0.004303136996055951	0.6172219580263381
16.466666666666665	0.47466665457211976	-0.019935279602099516	0.0022950806679827036	0.5505838922974065
16.5	0.4735835112517117	-0.031242504233856407	0.003520888323582567	0.08684229784945105
16.53333333333333	0.4725838209565294	-0.02434170617842158	-0.0010515967618578666	0.2691536081738438
16.566666666666666	0.47196073083981704	-0.015009724896522773	-0.003005963703391654	0.34920473204734026
16.6	0.4715831726300944	-0.0030693679698033855	-0.009785392468744889	0.25104517266059545
16.633333333333333	0.47175610630849685	0.003700309106495881	-0.005133089437330686	0.280127128033142
16.666666666666668	0.47182985990386084	0.01168116661216895	-0.0014977934351857252	0.25131255026495225
16.7	0.472534850749308	0.012235770739073608	0.007746249563965798	0.295614911604976
16.733333333333334	0.47264557795313245	0.02380684214868319	-3.2714927440033914E-4	0.2461626593657253
16.766666666666666	0.47412197355922026	0.03346072239001913	-0.011442648097767247	0.07632584983143512
16.8	0.4748762927791337	0.013948468972767235	0.004344323163652473	0.7423546180958172
16.833333333333332	0.47505187149073824	-0.011139372094762305	0.008020842671789985	0.5563353552424647
16.866666666666667	0.474133667972816	-0.02669426013416207	0.0017321203111990095	0.24854305756300973
16.9	0.47327225414846075	-0.024370643536296914	0.0016850323164372336	0.3056365370997156
16.933333333333334	0.47250895840372953	-0.010804030896211545	-0.0062142568083644574	0.16263645156223416
16.966666666666665	0.47255198542204657	-0.00884033315779308	-0.003993850544567692	0.09809570219523528
17.0	0.47191960285987666	-0.010332479463725173	0.0017350792345657918	0.22884968949832163
17.03333333333333	0.4718631534577983	0.008796254334789954	-0.0067043641702481775	0.43336102456823
17.066666666666666	0.4725060198155293	0.019211200360209173	-0.005815996788793257	0.25842583886686743
17.1	0.47314390014847885	0.016154667713075232	0.007454352905791887	0.09226772350837499
17.133333333333333	0.47358299766306766	0.016644112837601022	0.0050699864698475604	0.1571362556859032
17.166666666666668	0.4742535076709855	0.01843441568778954	-0.008500340380169084	0.2988974819895402
17.2	0.47481195870892035	-5.164636126040129E-4	-0.001047078843539571	0.5109034739456983
17.233333333333334	0.47421907676347863	-0.017306742173230798	0.007594658292447407	0.24514340592815606
17.266666666666666	0.4736581758973717	-0.014372020953963333	-0.0028438580477786737	0.12068794320200055
17.3	0.47326094203321434	-0.01580484842662646	-0.005273032757710583	0.09016459824927732
17.333333333333332	0.4726045193355968	-0.01120436509113511	5.354172248927848E-4	0.13981357171155254
17.366666666666667	0.4725139843604721	-0.0039686385491767675	-0.004007586280929077	0.21516343439890687
17.4	0.4723399434323182	6.969309210371956E-4	7.474952233868617E-4	0.13621835323790685
17.433333333333334	0.47256044642187456	0.00452975687850944	0.004624376418724437	0.1920490288926615
17.466666666666665	0.4726419272242188	0.01085579300598845	-4.2172846695187225E-4	0.21787039006119505
17.5	0.4732841659556072	0.01981809706697322	-0.003122792598250177	0.1575891480732733
17.53333333333333	0.47396313369535037	0.017662389313744895	0.00622345299125601	0.08574695001021256
17.566666666666666	0.47446165857652345	0.013480603179666328	0.001795125855175826	0.3537372108074234
17.6	0.47486184057399483	-0.0033700502125072703	-0.004217155895094267	0.346777342963353
17.633333333333333	0.4742369885623562	-0.013064384006923226	-0.001821235656732009	0.22266394811751553
17.666666666666668	0.4739908816402	-0.01192923926542051	-4.991987954068415E-4	0.07554410653650133
17.7	0.4734417059446615	-0.01208643194944873	-0.0016280376008205063	0.08864458881612176
17.733333333333334	0.4731851195102367	-0.00460915595434202	-0.004914544243488405	0.15113320666578467
17.766666666666666	0.47313442888103874	-0.0018410448772901932	-9.576101501436865E-4	0.2230076668768346
17.8	0.4730623831850841	0.004033085763854472	0.004552984825597156	0.18570699924337636
17.833333333333332	0.47340330126529573	0.009493085619122913	0.008944577195174115	0.14967826306051998
17.866666666666667	0.4736952555596925	0.01098995257387797	-8.705115399069841E-4	0.11166145736643653
17.9	0.4741359647702207	0.009597641384975441	-0.0017272087577530305	0.08815671230033319
17.933333333333334	0.4743350983186908	0.00886665135566824	-0.002194736298903522	0.2149986770481676
17.966666666666665	0.4747270748605986	0.0011839717119985116	0.0019808337447656563	0.20685703586425858
18.0	0.47441402976615743	-0.008433264708053063	0.0027910452148010383	0.21257023621725574
18.03333333333333	0.4741648572133953	-0.00929676324061458	0.0020557135856515943	0.1910792332579836
18.066666666666666	0.4737942455501164	-0.013357870786443673	-0.002249881738870248	0.06791423264833887
18.1	0.47327433249429895	-0.007309939447541649	-0.007913106397904086	0.1847151419222383
18.133333333333333	0.47330691625361354	0.0015582059145507442	0.002187716442802334	0.22512844262654738
18.166666666666668	0.47337821288860216	0.0016695550754950996	0.002305415463500404	0.06699995410655742
18.2	0.4734182199253133	0.004762258969980948	0.0037324015635804932	0.14755630808417092
18.233333333333334	0.4736956968199342	0.010069653565082739	-0.0021706696902821974	0.06159323810349978
18.266666666666666	0.4740895301629855	0.007247373402806418	-0.0034562194921596927	0.10168476669499517
18.3	0.47417885504678814	0.002036570437697067	0.002623797106257346	0.1350440763919381
18.333333333333332	0.4742253015254986	5.5826818728147314E-5	1.035843871947314E-4	0.07264444966701573
18.366666666666667	0.47418257683470344	-0.0012332661924161464	-0.0016866749462057743	0.03405788649117267
18.4	0.47414308377933756	-9.6059727008003E-4	-0.0015188233858562192	0.004706479521549303
18.433333333333334	0.47411853701669804	-8.474908311889088E-4	-0.001650894137251675	0.06841765208155315
18.466666666666665	0.4740865843905916	-0.0043574252086236555	-0.003781535516140332	0.15363860327587192
18.5	0.47382804200278994	-0.008513841968838878	0.004050938033535904	0.07990527226943066
18.53333333333333	0.47351899492600236	-0.006160086636639065	0.005558334950715765	0.08773096070872742
18.566666666666666	0.4734173695603472	-0.0022645162787240606	-0.0021364491473085	0.13708758933598003
18.6	0.47336802717408744	-1.3777068882573522E-4	1.799298203878358E-4	0.07071115748497642
18.633333333333333	0.47340818484775893	0.0010535546447290496	0.0018849097765460828	0.03966763158544372
18.666666666666668	0.4734382641504026	9.848492929767085E-4	0.0021542316600336414	0.009615748173935764
18.7	0.4734738414672909	9.448462299763516E-4	0.002565330427084389	0.03932252209705941
18.733333333333334	0.4735012538990677	1.626065429127191E-4	5.5969056929336807E-5	0.05946692983816933
18.766666666666666	0.473484681903485	-4.642502542267901E-4	-0.0020517401979867744	0
18.8	0.4734703038821194	0	0	0
