0.000   0.000   0.800
0.080   0.030   0.627
0.160   0.060   0.467
0.240   0.060   0.405
0.310   0.060   0.455
0.270   0.050   0.495
0.230   0.040   0.490
0.210   0.020   0.450
0.225   0.010   0.410
0.310   0.010   0.380
0.405   0.010   0.350
0.490   0.015   0.320
0.570   0.030   0.275
0.615   0.040   0.260
0.700   0.045   0.280
0.715   0.045   0.330
0.680   0.030   0.380
0.625   0.020   0.370
0.615   0.010   0.320
0.625   0.010   0.280
0.660   0.010   0.260
0.740   0.020   0.225
0.790   0.030   0.225
0.870   0.050   0.250
0.890   0.105   0.250
0.865   0.160   0.240
0.810   0.180   0.220
0.755   0.197   0.217
0.700   0.215   0.215
0.660   0.275   0.210
0.705   0.335   0.205
0.778   0.330   0.195
0.850   0.328   0.185
0.925   0.325   0.175
0.975   0.275   0.170
0.925   0.225   0.165
0.875   0.275   0.160
0.925   0.325   0.155
0.975   0.275   0.145
0.925   0.225   0.135
0.875   0.275   0.125
0.925   0.325   0.115
0.975   0.275   0.105
0.925   0.225   0.095
0.875   0.275   0.085
0.925   0.325   0.075
0.995   0.345   0.065
1.025   0.365   0.055
1.045   0.435   0.035
1.025   0.465   0.030
0.800   0.500   0.020
0.750   0.500   0.020
0.700   0.500   0.020
0.650   0.500   0.020
0.575   0.475   0.018
0.560   0.405   0.008
0.560   0.355  -0.007
0.560   0.305  -0.015
0.560   0.255  -0.025
0.560   0.205  -0.030
0.510   0.155  -0.035
0.440   0.145  -0.040
0.370   0.141  -0.041
0.300   0.138  -0.043
0.230   0.135  -0.045
0.160   0.131  -0.046
0.090   0.128  -0.048
0.020   0.125  -0.050
-0.040  0.055  -0.060
-0.120  0.025  -0.065
-0.210  0.005  -0.070