   0.00000    0.00000    0.00000
   0.03333    0.00556    0.16686
   0.06667    0.01658    0.33058
   0.10000    0.03294    0.49082
   0.13333    0.05451    0.64711
   0.16667    0.08114    0.79886
   0.20000    0.11265    0.94529
   0.23333    0.14883    1.08539
   0.26667    0.18942    1.21782
   0.30000    0.23412    1.34079
   0.33333    0.28251    1.45191
   0.36667    0.33411    1.54791
   0.40000    0.38826    1.62440
   0.43333    0.44412    1.67572
   0.46667    0.50062    1.69529
   0.50000    0.55654    1.67736
   0.53333    0.61056    1.62059
   0.56667    0.66158    1.53081
   0.60000    0.70886    1.41837
   0.63333    0.75194    1.29242
   0.66667    0.79057    1.15870
   0.70000    0.82458    1.02040
   0.73333    0.85389    0.87942
   0.76667    0.87846    0.73699
   0.80000    0.89826    0.59407
   0.83333    0.91331    0.45144
   0.86667    0.92364    0.30979
   0.90000    0.92930    0.16978
   0.93333    0.93037    0.03209
   0.96667    0.92695   -0.10257
   1.00000    0.91917   -0.23340
   1.03333    0.90718   -0.35949
   1.06667    0.89119   -0.47976
   1.10000    0.87143   -0.59292
   1.13333    0.84818   -0.69740
   1.16667    0.82180   -0.79131
   1.20000    0.79273   -0.87238
   1.23333    0.76146   -0.93800
   1.26667    0.72861   -0.98537
   1.30000    0.69488   -1.01192
   1.33333    0.66102   -1.01585
   1.36667    0.62779   -0.99687
   1.40000    0.59591   -0.95646
   1.43333    0.56599   -0.89751
   1.46667    0.53854   -0.82355
   1.50000    0.51394   -0.73806
   1.53333    0.49247   -0.64405
   1.56667    0.47434   -0.54402
   1.60000    0.45967   -0.43999
   1.63333    0.44855   -0.33364
   1.66667    0.44100   -0.22642
   1.70000    0.43702   -0.11958
   1.73333    0.43654   -0.01430
   1.76667    0.43948    0.08827
   1.80000    0.44571    0.18696
   1.83333    0.45507    0.28056
   1.86667    0.46732    0.36775
   1.90000    0.48223    0.44713
   1.93333    0.49947    0.51717
   1.96667    0.51868    0.57629
   2.00000    0.53944    0.62292
   2.03333    0.56130    0.65565
   2.06667    0.58374    0.67344
   2.10000    0.60627    0.67580
   2.13333    0.62837    0.66292
   2.16667    0.64956    0.63571
   2.20000    0.66941    0.59565
   2.23333    0.68757    0.54456
   2.26667    0.70371    0.48443
   2.30000    0.71762    0.41718
   2.33333    0.72911    0.34464
   2.36667    0.73806    0.26846
   2.40000    0.74439    0.19018
   2.43333    0.74810    0.11117
   2.46667    0.74919    0.03272
   2.50000    0.74773   -0.04395
   2.53333    0.74380   -0.11763
   2.56667    0.73757   -0.18715
   2.60000    0.72919   -0.25137
   2.63333    0.71888   -0.30913
   2.66667    0.70691   -0.35931
   2.70000    0.69354   -0.40087
   2.73333    0.67911   -0.43289
   2.76667    0.66396   -0.45467
   2.80000    0.64843   -0.46579
   2.83333    0.63289   -0.46615
   2.86667    0.61769   -0.45603
   2.90000    0.60316   -0.43605
   2.93333    0.58959   -0.40712
   2.96667    0.57724   -0.37036
   3.00000    0.56634   -0.32701
   3.03333    0.55706   -0.27836
   3.06667    0.54954   -0.22571
   3.10000    0.54386   -0.17030
   3.13333    0.54008   -0.11336
   3.16667    0.53822   -0.05601
   3.20000    0.53824    0.00064
   3.23333    0.54009    0.05554
   3.26667    0.54368    0.10769
   3.30000    0.54888    0.15613
   3.33333    0.55555    0.19996
   3.36667    0.56349    0.23837
   3.40000    0.57251    0.27060
   3.43333    0.58238    0.29604
   3.46667    0.59286    0.31424
   3.50000    0.60369    0.32491
   3.53333    0.61462    0.32798
   3.56667    0.62541    0.32358
   3.60000    0.63581    0.31206
   3.63333    0.64561    0.29395
   3.66667    0.65460    0.26992
   3.70000    0.66263    0.24077
   3.73333    0.66954    0.20736
   3.76667    0.67523    0.17061
   3.80000    0.67961    0.13144
   3.83333    0.68264    0.09077
   3.86667    0.68429    0.04951
   3.90000    0.68457    0.00851
   3.93333    0.68352   -0.03138
   3.96667    0.68121   -0.06937
   4.00000    0.67772   -0.10473
   4.03333    0.67316   -0.13676
   4.06667    0.66767   -0.16487
   4.10000    0.66138   -0.18853
   4.13333    0.65447   -0.20732
   4.16667    0.64711   -0.22093
   4.20000    0.63947   -0.22919
   4.23333    0.63173   -0.23204
   4.26667    0.62408   -0.22959
   4.30000    0.61668   -0.22206
   4.33333    0.60968   -0.20979
   4.36667    0.60324   -0.19324
   4.40000    0.59748   -0.17293
   4.43333    0.59250   -0.14946
   4.46667    0.58838   -0.12347
   4.50000    0.58519   -0.09562
   4.53333    0.58297   -0.06659
   4.56667    0.58174   -0.03704
   4.60000    0.58149   -0.00763
   4.63333    0.58219    0.02102
   4.66667    0.58380    0.04831
   4.70000    0.58625    0.07369
   4.73333    0.58948    0.09667
   4.76667    0.59337    0.11680
   4.80000    0.59783    0.13372
   4.83333    0.60273    0.14713
   4.86667    0.60796    0.15684
   4.90000    0.61338    0.16273
   4.93333    0.61888    0.16478
   4.96667    0.62431    0.16306
   5.00000    0.62957    0.15773
   5.03333    0.63454    0.14903
   5.06667    0.63911    0.13726
   5.10000    0.64321    0.12281
   5.13333    0.64674    0.10609
   5.16667    0.64966    0.08755
   5.20000    0.65192    0.06766
   5.23333    0.65348    0.04691
   5.26667    0.65434    0.02579
   5.30000    0.65450    0.00477
   5.33333    0.65398   -0.01568
   5.36667    0.65280   -0.03514
   5.40000    0.65103   -0.05321
   5.43333    0.64871   -0.06953
   5.46667    0.64592   -0.08378
   5.50000    0.64273   -0.09572
   5.53333    0.63922   -0.10514
   5.56667    0.63549   -0.11190
   5.60000    0.63163   -0.11594
   5.63333    0.62772   -0.11725
   5.66667    0.62386   -0.11587
   5.70000    0.62013   -0.11194
   5.73333    0.61661   -0.10561
   5.76667    0.61337   -0.09712
   5.80000    0.61048   -0.08672
   5.83333    0.60799   -0.07472
   5.86667    0.60594   -0.06142
   5.90000    0.60437   -0.04719
   5.93333    0.60329   -0.03235
   5.96667    0.60271   -0.01727
   6.00000    0.60264   -0.00229
   6.03333    0.60305    0.01227
   6.06667    0.60392    0.02610
   6.10000    0.60521    0.03890
   6.13333    0.60689    0.05043
   6.16667    0.60891    0.06046
   6.20000    0.61120    0.06882
   6.23333    0.61372    0.07537
   6.26667    0.61638    0.08003
   6.30000    0.61914    0.08273
   6.33333    0.62192    0.08349
   6.36667    0.62467    0.08235
   6.40000    0.62732    0.07939
   6.43333    0.62981    0.07474
   6.46667    0.63209    0.06857
   6.50000    0.63413    0.06105
   6.53333    0.63587    0.05240
   6.56667    0.63730    0.04285
   6.60000    0.63839    0.03265
   6.63333    0.63913    0.02204
   6.66667    0.63950    0.01128
   6.70000    0.63952    0.00061
   6.73333    0.63920   -0.00974
   6.76667    0.63855   -0.01954
   6.80000    0.63759   -0.02859
   6.83333    0.63637   -0.03671
   6.86667    0.63491   -0.04374
   6.90000    0.63326   -0.04958
   6.93333    0.63146   -0.05411
   6.96667    0.62955   -0.05729
   7.00000    0.62758   -0.05907
   7.03333    0.62559   -0.05947
   7.06667    0.62364   -0.05852
   7.10000    0.62177   -0.05628
   7.13333    0.62001   -0.05285
   7.16667    0.61839   -0.04834
   7.20000    0.61696   -0.04289
   7.23333    0.61574   -0.03665
   7.26667    0.61475   -0.02979
   7.30000    0.61400   -0.02248
   7.33333    0.61350   -0.01489
   7.36667    0.61326   -0.00721
   7.40000    0.61328    0.00038
   7.43333    0.61353    0.00772
   7.46667    0.61402    0.01466
   7.50000    0.61472    0.02104
   7.53333    0.61562    0.02676
   7.56667    0.61667    0.03168
   7.60000    0.61786    0.03574
   7.63333    0.61916    0.03887
   7.66667    0.62053    0.04102
   7.70000    0.62193    0.04218
   7.73333    0.62334    0.04236
   7.76667    0.62473    0.04157
   7.80000    0.62606    0.03988
   7.83333    0.62730    0.03735
   7.86667    0.62844    0.03405
   7.90000    0.62944    0.03010
   7.93333    0.63030    0.02560
   7.96667    0.63098    0.02066
   8.00000    0.63150    0.01542
   8.03333    0.63183    0.01000
   8.06667    0.63198    0.00452
   8.10000    0.63195   -0.00088
   8.13333    0.63175   -0.00609
   8.16667    0.63138   -0.01099
   8.20000    0.63087   -0.01549
   8.23333    0.63022   -0.01951
   8.26667    0.62945   -0.02295
   8.30000    0.62859   -0.02577
   8.33333    0.62766   -0.02792
   8.36667    0.62668   -0.02937
   8.40000    0.62568   -0.03012
   8.43333    0.62467   -0.03016
   8.46667    0.62369   -0.02953
   8.50000    0.62275   -0.02825
   8.53333    0.62187   -0.02638
   8.56667    0.62107   -0.02397
   8.60000    0.62037   -0.02110
   8.63333    0.61977   -0.01785
   8.66667    0.61929   -0.01430
   8.70000    0.61894   -0.01055
   8.73333    0.61872   -0.00667
   8.76667    0.61863   -0.00277
   8.80000    0.61866    0.00107
   8.83333    0.61882    0.00476
   8.86667    0.61910    0.00823
   8.90000    0.61948    0.01140
   8.93333    0.61995    0.01421
   8.96667    0.62050    0.01662
   9.00000    0.62112    0.01857
   9.03333    0.62179    0.02005
   9.06667    0.62249    0.02103
   9.10000    0.62321    0.02150
   9.13333    0.62393    0.02147
   9.16667    0.62462    0.02097
   9.20000    0.62529    0.02000
   9.23333    0.62591    0.01862
   9.26667    0.62647    0.01686
   9.30000    0.62697    0.01478
   9.33333    0.62738    0.01244
   9.36667    0.62771    0.00989
   9.40000    0.62795    0.00720
   9.43333    0.62810    0.00443
   9.46667    0.62815    0.00165
   9.50000    0.62812   -0.00108
   9.53333    0.62799   -0.00369
   9.56667    0.62779   -0.00614
   9.60000    0.62751   -0.00838
   9.63333    0.62717   -0.01035
   9.66667    0.62676   -0.01203
   9.70000    0.62632   -0.01338
   9.73333    0.62584   -0.01439
   9.76667    0.62534   -0.01505
   9.80000    0.62483   -0.01534
   9.83333    0.62432   -0.01528
   9.86667    0.62382   -0.01488
   9.90000    0.62335   -0.01416
   9.93333    0.62291   -0.01314
   9.96667    0.62252   -0.01186
  10.00000    0.62217   -0.01035
  10.03333    0.62188   -0.00866
  10.06667    0.62165   -0.00683
  10.10000    0.62149   -0.00490
  10.13333    0.62139   -0.00292
  10.16667    0.62136   -0.00094
  10.20000    0.62139    0.00099
  10.23333    0.62149    0.00285
  10.26667    0.62164    0.00458
  10.30000    0.62185    0.00615
  10.33333    0.62210    0.00753
  10.36667    0.62239    0.00870
  10.40000    0.62271    0.00964
  10.43333    0.62305    0.01033
  10.46667    0.62341    0.01076
  10.50000    0.62378    0.01094
  10.53333    0.62414    0.01087
  10.56667    0.62449    0.01056
  10.60000    0.62483    0.01002
  10.63333    0.62513    0.00927
  10.66667    0.62541    0.00833
  10.70000    0.62565    0.00724
  10.73333    0.62585    0.00602
  10.76667    0.62601    0.00471
  10.80000    0.62612    0.00333
  10.83333    0.62619    0.00192
  10.86667    0.62620    0.00051
  10.90000    0.62617   -0.00087
  10.93333    0.62610   -0.00218
  10.96667    0.62599   -0.00340
  11.00000    0.62584   -0.00451
  11.03333    0.62566   -0.00548
  11.06667    0.62545   -0.00629
  11.10000    0.62521   -0.00694
  11.13333    0.62497   -0.00741
  11.16667    0.62471   -0.00770
  11.20000    0.62445   -0.00781
  11.23333    0.62419   -0.00773
  11.26667    0.62394   -0.00749
  11.30000    0.62371   -0.00709
  11.33333    0.62349   -0.00654
  11.36667    0.62329   -0.00586
  11.40000    0.62313   -0.00507
  11.43333    0.62299   -0.00419
  11.46667    0.62288   -0.00324
  11.50000    0.62280   -0.00225
  11.53333    0.62276   -0.00125
  11.56667    0.62275   -0.00024
  11.60000    0.62278    0.00073
  11.63333    0.62283    0.00166
  11.66667    0.62292    0.00252
  11.70000    0.62303    0.00330
  11.73333    0.62316    0.00398
  11.76667    0.62331    0.00455
  11.80000    0.62348    0.00499
  11.83333    0.62365    0.00531
  11.86667    0.62384    0.00550
  11.90000    0.62402    0.00557
  11.93333    0.62421    0.00550
  11.96667    0.62438    0.00531
  12.00000    0.62455    0.00501
  12.03333    0.62470    0.00461
  12.06667    0.62484    0.00411
  12.10000    0.62496    0.00354
  12.13333    0.62506    0.00291
  12.16667    0.62513    0.00223
  12.20000    0.62518    0.00152
  12.23333    0.62521    0.00080
  12.26667    0.62521    0.00009
  12.30000    0.62519   -0.00060
  12.33333    0.62515   -0.00126
  12.36667    0.62509   -0.00187
  12.40000    0.62501   -0.00241
  12.43333    0.62491   -0.00289
  12.46667    0.62480   -0.00328
  12.50000    0.62468   -0.00359
  12.53333    0.62455   -0.00381
  12.56667    0.62442   -0.00393
  12.60000    0.62429   -0.00397
  12.63333    0.62416   -0.00391
  12.66667    0.62403   -0.00377
  12.70000    0.62392   -0.00354
  12.73333    0.62381   -0.00325
  12.76667    0.62371   -0.00289
  12.80000    0.62363   -0.00247
  12.83333    0.62356   -0.00202
  12.86667    0.62351   -0.00153
  12.90000    0.62348   -0.00102
  12.93333    0.62346   -0.00051
  12.96667    0.62346   -0.00000
  13.00000    0.62348    0.00049
  13.03333    0.62351    0.00095
  13.06667    0.62355    0.00138
  13.10000    0.62361    0.00176
  13.13333    0.62368    0.00210
  13.16667    0.62376    0.00237
  13.20000    0.62385    0.00258
  13.23333    0.62394    0.00273
  13.26667    0.62403    0.00281
  13.30000    0.62413    0.00283
  13.33333    0.62422    0.00278
  13.36667    0.62431    0.00267
  13.40000    0.62439    0.00250
  13.43333    0.62447    0.00229
  13.46667    0.62454    0.00202
  13.50000    0.62459    0.00173
  13.53333    0.62464    0.00140
  13.56667    0.62467    0.00105
  13.60000    0.62470    0.00069
  13.63333    0.62471    0.00032
  13.66667    0.62471   -0.00004
  13.70000    0.62469   -0.00039
  13.73333    0.62467   -0.00072
  13.76667    0.62464   -0.00102
  13.80000    0.62459   -0.00129
  13.83333    0.62454   -0.00152
  13.86667    0.62449   -0.00171
  13.90000    0.62442   -0.00186
  13.93333    0.62436   -0.00196
  13.96667    0.62429   -0.00201
  14.00000    0.62422   -0.00201
  14.03333    0.62416   -0.00197
  14.06667    0.62410   -0.00189
  14.10000    0.62404   -0.00177
  14.13333    0.62398   -0.00161
  14.16667    0.62394   -0.00142
  14.20000    0.62390   -0.00120
  14.23333    0.62386   -0.00097
  14.26667    0.62384   -0.00072
  14.30000    0.62382   -0.00046
  14.33333    0.62382   -0.00020
  14.36667    0.62382    0.00006
  14.40000    0.62383    0.00030
  14.43333    0.62385    0.00054
  14.46667    0.62387    0.00075
  14.50000    0.62390    0.00094
  14.53333    0.62394    0.00110
  14.56667    0.62398    0.00123
  14.60000    0.62403    0.00133
  14.63333    0.62407    0.00140
  14.66667    0.62412    0.00143
  14.70000    0.62417    0.00143
  14.73333    0.62422    0.00140
  14.76667    0.62426    0.00134
  14.80000    0.62430    0.00125
  14.83333    0.62434    0.00113
  14.86667    0.62437    0.00099
  14.90000    0.62440    0.00084
  14.93333    0.62442    0.00067
  14.96667    0.62444    0.00049
  15.00000    0.62445    0.00031
  15.03333    0.62445    0.00012
  15.06667    0.62445   -0.00006
  15.10000    0.62444   -0.00024
  15.13333    0.62443   -0.00040
  15.16667    0.62441   -0.00055
  15.20000    0.62439   -0.00068
  15.23333    0.62436   -0.00080
  15.26667    0.62433   -0.00089
  15.30000    0.62430   -0.00096
  15.33333    0.62427   -0.00100
  15.36667    0.62423   -0.00102
  15.40000    0.62420   -0.00102
  15.43333    0.62417   -0.00099
  15.46667    0.62413   -0.00095
  15.50000    0.62410   -0.00088
  15.53333    0.62408   -0.00080
  15.56667    0.62405   -0.00070
  15.60000    0.62404   -0.00058
  15.63333    0.62402   -0.00046
  15.66667    0.62401   -0.00033
  15.70000    0.62400   -0.00020
  15.73333    0.62400   -0.00007
  15.76667    0.62400    0.00006
  15.80000    0.62401    0.00018
  15.83333    0.62402    0.00030
  15.86667    0.62403    0.00040
  15.90000    0.62405    0.00050
  15.93333    0.62407    0.00058
  15.96667    0.62409    0.00064
  16.00000    0.62411    0.00069
  16.03333    0.62414    0.00072
  16.06667    0.62416    0.00073
  16.10000    0.62418    0.00073
  16.13333    0.62421    0.00071
  16.16667    0.62423    0.00067
  16.20000    0.62425    0.00062
  16.23333    0.62427    0.00056
  16.26667    0.62429    0.00049
  16.30000    0.62430    0.00041
  16.33333    0.62431    0.00032
  16.36667    0.62432    0.00023
  16.40000    0.62432    0.00013
  16.43333    0.62432    0.00004
  16.46667    0.62432   -0.00005
  16.50000    0.62432   -0.00014
  16.53333    0.62431   -0.00022
  16.56667    0.62430   -0.00030
  16.60000    0.62429   -0.00036
  16.63333    0.62427   -0.00042
  16.66667    0.62426   -0.00046
  16.70000    0.62424   -0.00049
  16.73333    0.62422   -0.00051
  16.76667    0.62421   -0.00052
  16.80000    0.62419   -0.00052
  16.83333    0.62417   -0.00050
  16.86667    0.62416   -0.00047
  16.90000    0.62414   -0.00044
  16.93333    0.62413   -0.00039
  16.96667    0.62412   -0.00034
  17.00000    0.62411   -0.00028
  17.03333    0.62410   -0.00022
  17.06667    0.62410   -0.00015
  17.10000    0.62409   -0.00009
  17.13333    0.62409   -0.00002
  17.16667    0.62409    0.00005
  17.20000    0.62410    0.00011
  17.23333    0.62410    0.00017
  17.26667    0.62411    0.00022
  17.30000    0.62412    0.00026
  17.33333    0.62413    0.00030
  17.36667    0.62414    0.00033
  17.40000    0.62415    0.00035
  17.43333    0.62416    0.00037
  17.46667    0.62418    0.00037
  17.50000    0.62419    0.00037
  17.53333    0.62420    0.00036
  17.56667    0.62421    0.00034
  17.60000    0.62422    0.00031
  17.63333    0.62423    0.00028
  17.66667    0.62424    0.00024
  17.70000    0.62425    0.00020
  17.73333    0.62425    0.00015
  17.76667    0.62425    0.00010
  17.80000    0.62426    0.00006
  17.83333    0.62426    0.00001
  17.86667    0.62426   -0.00004
  17.90000    0.62425   -0.00008
  17.93333    0.62425   -0.00012
  17.96667    0.62424   -0.00016
  18.00000    0.62424   -0.00019
  18.03333    0.62423   -0.00022
  18.06667    0.62422   -0.00024
  18.10000    0.62421   -0.00025
  18.13333    0.62420   -0.00026
  18.16667    0.62420   -0.00026
  18.20000    0.62419   -0.00026
  18.23333    0.62418   -0.00025
  18.26667    0.62417   -0.00024
  18.30000    0.62416   -0.00022
  18.33333    0.62416   -0.00019
  18.36667    0.62415   -0.00017
  18.40000    0.62415   -0.00014
  18.43333    0.62414   -0.00010
  18.46667    0.62414   -0.00007
  18.50000    0.62414   -0.00004
  18.53333    0.62414   -0.00000
  18.56667    0.62414    0.00003
  18.60000    0.62414    0.00006
  18.63333    0.62415    0.00009
  18.66667    0.62415    0.00012
  18.70000    0.62415    0.00014
  18.73333    0.62416    0.00016
  18.76667    0.62417    0.00017
  18.80000    0.62417    0.00018
